100 2.9664 1.7226
200 3.7137 2.6413
300 1.8579 2.9659
400 1.5517 3.017
500 1.8291 3.2709
600 1.6894 3.2554
700 1.8006 3.6879
800 1.7796 3.7418
900 1.7747 3.3647
1000 1.9069 3.9038
1100 2.026 3.908
1200 1.9966 4.2364
1300 1.772 1.9364
1400 1.7979 2.257
1500 1.3992 2.3764
1600 2.0018 2.446
1700 1.7196 2.4473
1800 1.9437 2.7673
1900 2.296 2.4841
2000 2.1059 2.95
2100 2.7286 2.8595
2200 2.4387 3.0762
2300 3.0263 3.0205
2400 2.3543 3.6465
2500 2.6802 3.1873
2600 4.3714 3.7958
2700 4.2889 3.9162
2800 3.6414 3.5296
2900 4.3236 4.2704
3000 5.5559 4.5658
3100 4.378 4.1513
3200 3.8985 3.9963
3300 4.3556 3.9121
3400 5.7812 4.6865
3500 5.0571 13.8595
3600 4.6257 4.2018
3700 5.5333 3.9153
3800 4.0182 3.936
3900 6.8577 6.853
4000 7.6204 6.5922
4100 8.4814 6.5211
4200 6.3164 6.004
4300 6.9063 6.3032
4400 3.8381 3.5103
4500 5.7172 3.6124
4600 5.1519 4.0622
4700 4.5097 4.5095
4800 4.2646 3.4961
4900 4.7592 3.0419
5000 4.3988 3.5703
5100 5.1052 3.7082
5200 5.5085 3.3897
5300 7.6842 7.8808
5400 5.7464 9.7056
5500 5.6223 5.2964
5600 6.651 6.7152
5700 8.76 6.7394
5800 6.2852 6.631
5900 6.8629 6.4059
6000 6.8363 5.83
6100 6.8474 5.5805
6200 7.6831 6.1216
6300 3.8934 3.2088
6400 3.5173 3.5252
6500 4.3826 3.227
6600 4.0166 3.9416
6700 4.9341 3.1863
6800 3.5959 3.4978
6900 4.5658 3.7577
7000 4.8569 3.484
7100 4.1189 4.012
7200 4.6286 3.6346
7300 4.2889 3.6386
7400 6.4512 3.6117
7500 4.5091 3.4203
7600 4.7565 3.6059
7700 4.4681 3.6475
7800 4.3334 3.5207
7900 7.0474 3.6978
8000 4.5118 3.6688
8100 5.3313 3.6699
8200 4.4935 7.8914
8300 5.2902 4.2835
8400 4.6317 5.0492
8500 4.6886 8.0098
8600 4.5467 3.6934
8700 5.3762 3.5977
8800 5.3451 3.4422
8900 6.399 3.8949
9000 5.2131 3.6071
9100 5.599 4.1526
9200 5.373 4.1132
9300 5.9943 4.0873
9400 5.4521 4.9615
9500 7.3701 4.8735
9600 6.837 9.9747
9700 6.89 4.1493
9800 6.5187 4.412
9900 6.7023 4.149
10000 5.0801 4.1479
20000 20.9748 22.7095
30000 35.9612 30.2237
40000 70.113 35.2341
50000 58.163 37.7774
60000 56.4889 24.311
70000 54.5089 36.6037
80000 97.8657 29.424
90000 64.9959 24.6577
100000 89.0135 37.2293
110000 112.9642 15.0099
120000 108.472 23.0514
130000 116.7317 16.4348
140000 94.701 29.9648
150000 109.6124 26.8656
160000 141.6075 19.1677
170000 140.2418 18.7714
180000 154.2301 20.4053
190000 187.0207 29.2323
200000 220.4164 25.6988
210000 250.4936 23.8264
220000 219.4941 26.1512
230000 249.2738 26.5977
240000 253.0431 32.9853
250000 284.0427 24.0291
260000 269.0736 55.0575
270000 312.2595 32.8553
280000 331.2106 27.3095
290000 384.9718 26.3948
300000 300.8474 32.567
310000 308.1335 36.1915
320000 267.1806 35.4624
330000 325.6576 34.5149
340000 271.5428 29.5982
350000 337.7282 41.3028
360000 242.5262 37.6981
370000 326.8248 35.3315
380000 301.8211 74.9747
390000 295.9785 35.5221
400000 386.0069 127.3464
410000 307.8363 126.9002
420000 307.5794 44.1996
430000 413.5184 41.5714
440000 368.953 92.4051
450000 298.2329 56.373
460000 387.7694 95.7857
470000 320.5614 110.5522
480000 301.0098 77.8092
490000 419.6547 136.2172
500000 368.9391 116.4439
510000 331.975 165.647
520000 388.988 161.9096
530000 339.1012 67.3046
540000 463.2369 111.8522
550000 329.7199 157.086
560000 350.3267 63.651
570000 369.4609 137.1521
580000 412.5885 75.8502
590000 415.1857 119.7184
600000 382.5973 93.218
610000 385.6972 197.3114
620000 492.3463 73.7446
630000 409.478 165.2
640000 392.146 96.8639
650000 401.0264 220.9728
660000 454.2273 120.983
670000 424.553 90.9436
680000 525.1572 82.9243
690000 417.273 86.8871
700000 534.6184 211.2003
710000 457.092 210.7357
720000 449.0338 78.6225
730000 520.6755 203.895
740000 472.103 222.9099
750000 456.1868 95.3103
760000 553.4493 76.6246
770000 556.7648 134.7241
780000 473.3886 126.599
790000 577.3221 217.4797
800000 523.3499 193.8805
810000 518.6353 91.0926
820000 648.0965 88.0345
830000 577.1096 193.2736
840000 520.3762 205.0928
850000 631.4106 158.4235
860000 557.9146 142.6952
870000 572.7208 274.6663
880000 571.3744 117.1554
890000 580.9483 205.6903
900000 635.6608 98.5359
910000 578.0558 270.6301
920000 641.8593 138.5298
930000 623.2173 277.9175
940000 604.572 153.3777
950000 683.0145 335.056
960000 616.0592 199.5935
970000 606.8685 153.3895
980000 732.7657 274.7199
990000 665.095 138.9052
1000000 637.2609 189.941
2000000 1819.0197 639.7228
3000000 2042.3625 608.8485
4000000 2692.5382 724.5285
5000000 3339.3817 684.3564
6000000 4108.8224 923.1339
7000000 4823.8061 950.9055
8000000 5438.2897 1532.0977
9000000 6328.5371 1418.1165
10000000 7005.6723 1480.3037
11000000 7591.8549 1369.5645
12000000 8139.1768 2213.6279
13000000 8729.2605 1867.4273
14000000 9712.083 2458.6921
15000000 10302.3437 1993.6063
16000000 11375.7734 2419.6588
17000000 11511.7756 2867.3413
18000000 12016.8185 2542.115
19000000 12540.1349 2866.4191
20000000 13442.2511 3120.4613

20000000 14322.3937 3082.2152
20000000 15045.1695 2990.1056
